SM:2024-06-06T08:12:31.2817161Z
LM:2024-06-06T08:12:59.7309766Z
CT:image/png
MA:604800
CL:3762
